Data_x:
0
0.100000000000000
0.200000000000000
0.300000000000000
0.400000000000000
0.500000000000000
0.600000000000000
0.700000000000000
0.800000000000000
0.900000000000000
1
1.10000000000000
1.20000000000000
1.30000000000000
1.40000000000000
1.50000000000000
1.60000000000000
1.70000000000000
1.80000000000000
1.90000000000000
2
2.10000000000000
2.20000000000000
2.30000000000000
2.40000000000000
2.50000000000000
2.60000000000000
2.70000000000000
2.80000000000000
2.90000000000000
3
3.10000000000000
3.20000000000000
3.30000000000000
3.40000000000000
3.50000000000000
3.60000000000000
3.70000000000000
3.80000000000000
3.90000000000000
4
4.10000000000000
4.20000000000000
4.30000000000000
4.40000000000000
4.50000000000000
4.60000000000000
4.70000000000000
4.80000000000000
4.90000000000000
5
5.10000000000000
5.20000000000000
5.30000000000000
5.40000000000000
5.50000000000000
5.60000000000000
5.70000000000000
5.80000000000000
5.90000000000000
6
6.10000000000000
6.20000000000000
6.30000000000000
6.40000000000000
6.50000000000000
6.60000000000000
6.70000000000000
6.80000000000000
6.90000000000000
7
7.10000000000000
7.20000000000000
7.30000000000000
7.40000000000000
7.50000000000000
7.60000000000000
7.70000000000000
7.80000000000000
7.90000000000000
8
8.10000000000000
8.20000000000000
8.30000000000000
8.40000000000000
8.50000000000000
8.60000000000000
8.70000000000000
8.80000000000000
8.90000000000000
9
9.10000000000000
9.20000000000000
9.30000000000000
9.40000000000000
9.50000000000000
9.60000000000000
9.70000000000000
9.80000000000000
9.90000000000000
10
10.1000000000000
10.2000000000000
10.3000000000000
10.4000000000000
10.5000000000000
10.6000000000000
10.7000000000000
10.8000000000000
10.9000000000000
11
11.1000000000000
11.2000000000000
11.3000000000000
11.4000000000000
11.5000000000000
11.6000000000000
11.7000000000000
11.8000000000000
11.9000000000000
12
12.1000000000000
12.2000000000000
12.3000000000000
12.4000000000000
12.5000000000000
12.6000000000000
12.7000000000000
12.8000000000000
12.9000000000000
13
13.1000000000000
13.2000000000000
13.3000000000000
13.4000000000000
13.5000000000000
13.6000000000000
13.7000000000000
13.8000000000000
13.9000000000000
14
14.1000000000000
14.2000000000000
14.3000000000000
14.4000000000000
14.5000000000000
14.6000000000000
14.7000000000000
14.8000000000000
14.9000000000000
15
15.1000000000000
15.2000000000000
15.3000000000000
15.4000000000000
15.5000000000000
15.6000000000000
15.7000000000000


Data_y:
1
1.55932553309227
1.96120130960584
2.11835080817507
1.99542247848150
1.61819998857630
1.06812023593158
0.463401602448312
-0.0686459267096943
-0.421405302730701
-0.533600126402384
-0.402834082764302
-0.0847701277729444
0.321789420136061
0.700213988038592
0.945502466778348
0.990637073870134
0.823353730496498
0.489207699785805
0.0801812553111887
-0.288367304927300
-0.506747214663496
-0.498826672709533
-0.241899489446762
0.226389245990164
0.815812432215982
1.40418507994848
1.86585718272809
2.10116138436103
2.05966390167998
1.75157813486735
1.24459024139430
0.646907458665547
0.0807015554461575
-0.347541103556564
-0.572506978814473
-0.585156375534274
-0.433769431803716
-0.210720838697512
-0.0282708689017241
0.0106427216110859
-0.160602177769448
-0.554208787994218
-1.12324698097527
-1.77154639724158
-2.37583489201028
-2.81475502921280
-2.99769832757870
-2.88643082663659
-2.50423641459421
-1.93034755383736
-1.28102198033276
-0.681880462667779
-0.238247989891811
-0.0107184656068189
-0.00187459592724337
-0.157355985745703
-0.380950316436543
-0.559946433858752
-0.594475594182351
-0.423593163559296
-0.0416560996547402
0.499065254138302
1.10022294167711
1.64080845178962
2.00643719308384
2.11733718126110
1.94818300433924
1.53490002971178
0.966742120442172
0.365541147430472
-0.142841449010114
-0.457928345807718
-0.527765158638408
-0.360182520500093
-0.0194867357205447
0.390551267729791
0.753189909761464
0.968161106474877
0.976819188661462
0.776811926779346
0.422668497331272
0.0121599273329871
-0.338216354465562
-0.522601227238716
-0.472762728547701
-0.176055839486325
0.320097314026839
0.918362872916419
1.49386237679893
1.92333871801996
2.11404170505305
2.02531843413382
1.67767320085940
1.14712090478579
0.546248148590669
-0.00336109584978317
-0.400576741148580
-0.588845686365904
-0.569099036194581
-0.398313902779907
-0.174123519452133
-0.00929466841848414
-0.00237970206319771
-0.211792202882810
-0.639719793211821
-1.22987922889637
-1.87972733673603
-2.46419705383223
-2.86519876043732
-2.99970620630396
-2.83958186387125
-2.41830678177008
-1.82297326314467
-1.17349364661842
-0.594095473513392
-0.184049740280525
0.00524417452215853
-0.0187411640682140
-0.193209470935619
-0.417204531765655
-0.578120741126843
-0.581003489549047
-0.373402366853207
0.0403656420506388
0.599085359097711
1.19871772891508
1.71726293155005
2.04434226506124
2.10826059392183
1.89391503864538
1.44714418391897
0.864420267047726
0.270365079540086
-0.211457005868634
-0.487375862216850
-0.515083914047813
-0.312543116702466
0.0477878226058032
0.457933902755393
0.801892170939193
0.984853246861137
0.956966906906286
0.725809736526631
0.354491256491125
-0.0541361514524185
-0.383283268227956
-0.531701431827041
-0.439576836535851
-0.104455041436078
0.416757654635270
1.02026583973150
1.57933895671459
1.97394609109397
2.11887703893400
1.98352107989966
1.59851040911924
1.04764217936059